00 00 08 01 00 01 e7 80 17 07 10 0f 17 11 0d 0b 
16 18 0a 0e 12 15 1a 15 15 18 13 05 02 19 09 05 
0a 15 0b 18 0c 01 11 09 01 18 12 01 08 04 01 09 
07 15 03 10 02 14 0a 0c 0b 14 03 06 0d 0f 0b 04 
17 0c 15 01 10 0e 17 0a 05 0c 06 02 02 01 02 01 
02 08 15 0d 18 05 07 07 16 18 05 14 13 0c 05 03 
08 1a 0b 1a 08 10 0a 08 1a 0c 19 09 06 19 18 1a 
02 13 05 17 19 11 1a 0b 15 13 14 04 17 11 07 1a 
03 05 0e 0f 0e 10 11 06 03 17 0d 03 0b 19 10 11 
0c 09 16 0c 0b 0f 10 0d 05 15 03 03 0c 15 10 09 
15 14 15 03 12 17 0d 14 07 07 0a 03 02 0d 18 0c 
09 15 19 17 11 02 08 15 0d 02 17 06 0c 11 06 0e 
09 0e 0c 04 19 09 15 18 03 09 02 06 15 19 04 1a 
09 14 0e 19 17 13 0c 04 17 04 0c 02 0a 0c 19 0e
02 0a 0f 13 16 14 17 03 01 09 08 0c 08 11 13 03
13 04 15 05 09 17 0a 16 11 13 12 01 14 04 06 04
16 0f 0e 0e 0e 19 07 13 11 14 05 10 05 0a 13 0f 
06 13 0d 02 07 15 10 08 09 11 17 12 01 10 15 11 
07 15 15 19 11 0b 0b 14 15 14 06 0d 15 04 19 18 
0d 16 04 18 15 03 13 1a 05 06 0c 0f 12 01 17 15 
17 16 03 12 12 16 12 11 06 17 13 05 0f 11 15 19 
07 0c 0c 10 12 02 03 02 04 01 17 03 0b 08 06 12 
0c 0c 0b 13 17 03 0c 0b 09 14 12 1a 1a 02 1a 08 
19 12 17 0a 05 0a 17 01 04 14 0b 0a 05 18 05 09 
15 0c 03 06 11 07 13 07 18 05 14 16 05 01 09 05 
16 0f 0a 10 04 06 06 0b 0a 1a 19 03 11 12 0d 06 
03 15 09 1a 07 0c 15 14 11 05 11 0d 06 0b 17 0b 
19 0c 18 0b 16 07 01 08 08 07 12 02 07 0d 03 13 
10 15 09 10 1a 0e 17 0f 15 06 1a 1a 01 0d 1a 0a 
10 16 17 14 03 15 0d 05 03 17 13 08 0d 01 15 07 
18 17 0a 0b 13 0e 07 16 02 01 07 03 02 12 01 0f 
02 18 02 15 03 14 11 06 04 11 15 0d 19 0e 10 04 
12 0a 15 11 12 16 06 04 01 10 16 07 02 17 04 02 
07 0f 18 0e 0f 01 0d 18 14 14 07 02 0c 07 19 0f 
04 16 07 1a 14 07 0d 03 1a 0c 19 14 10 06 08 0e 
0e 0e 14 0a 15 18 12 12 16 13 15 1a 0a 01 07 0d 